（1）

出于对病人身体恢复的考虑，双眼白内障病人两只眼的手术间
隔时间应该相隔至少一天；
（2）
由于使用 SPTF 法进行安排，青光眼病人及视网膜疾病病人的时
间损失较大，作为补偿，一周内不安排三次白内障手术。
（3）
双眼白内障的手术安排时间尽量使两次手术间隔最小。
因此，白内障手术的安排组合为 − 4 = 6种，下面分别列出余下 5 种不同安排
分布：
3

4

5

6

1
6
2
2
1

4
5
2
2
1

3
4
5
5
1

2
3
4
4
3

1
2
3
3
2

2

3

6

流

2

研

5

号

1.周二、四进行白内障手术：
j
0
1
i
1
1
2
2
1
7
3
2
3
4
2
3
5
1
1
2. 周三、五：
j
0
1
i
1
3
2
2
3
2
3
2
3
4
2
3
5
1
1
3. 周一、四：
j
0
1
i
1
1
3
2
1
7
3
2
2
4
2
2
5
1
1
4. 周二、五：
j
0
1
i
1
2
1
2
2
1
3
3
2
4
3
2
5
1
1

交

的

1
1
2
2
1

2
7
5
5
1

1
6
4
4
3

5
5
3
3
2

4
4
2
2
1

2

3

4

5

6

2
6
3
3
1

1
5
2
2
1

4
4
5
5
3

3
3
4
4
2

2
2
3
3
1

2

3

4

5

6

3
7
2
2
1

2
6
5
5
1

1
5
4
4
3

4
4
3
3
2

3
3
2
2
1

4

微

信

公

众

：
科

数学中国
www.madio.net

5.周一、五（根据（3），周五做白内障双眼）：

- 14 -

