表 1 小 椭圆 油 饶 未 变 位 时 的 理论 饶 容 表
下
0| 529 30 | aiSL| 60 | 209868 | 9l0 3501
20 | 1494 | 320 | 87gs9 | 620 | 214228| 920 | 338128
30 | 2737 1 330 | 9l865 | 60 | 218585| 930 | 341794
40 | 4204| 340 | 95777 | 640 | 222938| 940 | 345411
50 | 5860 | 350 | 99725 | 650 | 227287| 950 | 348979
0 | 7683 | 360 | 103705| 660 | 231630 | 960 | 352495
70 | 9657 | 370 | 107718| 670 | 235965| 970 355956
8 it76s 380 | ii76L | 680 | 240292| 80 VSS9960
90 | 14005| 390 | 115832 | 690 | 244609 90 | 362705
100 | 16359 | 400 | ll9931 | 700 | 2489.15., 1000.] 365988
no | 18824| 40 | 124055 | 710 | 253208 1010 | 3652.05
120 | 21391| 420 | 128203 | 720 | 257a8% To20 | 372354
130 | 24055 | 430 | 132375 | 730< | 28 4 1030 | 3754.33
0 26581040 | 136567 | 740-/266003 | 1040 | 378436
150 | 29653 | 450 | 140780| TS 30234| 1050 | 3813.61
160 | 32578 | 460 | 145012 | 760|  274447 | 1060 | 384204
170 | 35582 | 470 | 149261 | 770 | 27864 | 1070 | 3869.60
180 | 386.60 | 480 | 153526 -780 | 28281L | 1080 | 389624
lo0 | 438101490 as7R06| 700 | 286960 | 1000 | 392191
200 | 45027| 500 | JG5100 | 800 | 291084 | 1l00 | 3946.55
210 | 4310| al07| 166406| SI0 | 295183 | LU0 | 397010
220 | 5l654| 30 THT70723| 820 | 299254 | 1120 | 3992.47
230 | 55058 | 330 | 175050 | 830 | 303297 | 1130 | 013.58
240 | 3585201340 | 179385| 840 | 307309 1140 | 403331
250 | 62038 / 350 | lg3728 | 850 | 311290 | 1150 | 405155
2603 76360560 | 188076| 860 | 315237 | 1160 | 4068.11
270 内 6D51 | 570 | lg2430| 870 | 319150 | II70 | 408277
0 os 560 | 196787| 560 | 323026 | 1180 | 40953
站 aa 7es98 | 539 | 200146| so0 | 326863 | 190 | 410485
| 300 803.54 600 2055.07 900 3306.61 1200 4110.15
根据 题目 中 所 给 的 数据 得 到 的 储 油 量 把 仿 与 4 的 关系 如 表 2 所 示 :
-5-
