ERiEAE
村
测 量 时
n ow
0 105. 6554 105. 6554 4.8257 4.8257
4 106. 5622 133. 4042 3. 2550 3.2772
8 127. 4546 119. 8764 3.2738 3.3002
12 119. 1273 107.7203 3. 3087 3. 3233
16 109. 3998 96. 7969 3. 3548 3. 3465
20 99. 6722 86. 9812 3. 4009 3. 3700
24 89. 1047 78. 1609 3. 4483 3. 3935
28 73.8480 70. 2350 3. 4463 3. 4173
32 58.9738 63.1128 3. 4458 3. 2( 信
36 44. 0996 56.7129 3. 4454 3. 165 SN
40 29. 2254 50. 9619 3. 4450 o 13 oo
44 45. 7941 / 3. 5140
48 41. 1504 56
52 36. 9775 6 3. 5633
TVALN
56 33. 2278 N 和 3. 5883
后 验 基 Pa
下
Q
测量 时 | CD4 售 量 AN  [wvam |
刻 ( 周 ?
0 94. 3286 所 94. 3286 4.9281 3.3307 | 4.9281
4 120. ng 122. 2359 3. 2267 3. 2160
8 127.7207 127.7990 3. 2385 3. 2563
12 3 3 133.6153 3.2980 3.2971
16 会 LWe 139. 6964 3.3574 3.3384
/月 146. 8827 146. 0542 3. 4074 3. 3802
外公 153. 1014 152.7013 3. 4730 3. 4225
Sa 160. 4385 159. 6510 3.5204 3.5679 | 3. 4654
1 /g \ 167.3730 166.9169 3.6153 3.5088
N 36 174.3074 174.5135 3. 5527
40 181. 2419 182. 4559 3. 5972
44 190. 7598 3. 6422
48 199. 4415 3. 6878
52 208. 5184 3.7340
56 218.0084 3.7808
有
关上 天 出 才 |
[|
5
