| 1997 | 10665.99 | 8349.96 | 2090 | 435 | 396623 [334 | 765 | 6053
| 1998 | 139908 | 1101976| 2162 | 43 | 410726 | 329 | 657 | 6392 |
| 1999 | 1523124 | 11853.74| 2210 | 425 | 436378 | 328 | 558 | 6534 |
| 2000 | 1597432 | 12815.26| 2253 | 42 | 462354 | 328 | 491 | 7078 |
| 2001 | 1544523 | 1239048| 2366 | 415 |  49466  | 325 | 43 | 7543 |
| 2002 | 15119.56 | 1239432 | 2476 | 44 | 493196 | 32 | 504 | sl84 |
| 2003 | 14962.77 | 12147.76| 2622 | 41 | 537725 | 313 | 53 | 901 |
| 2004 | 1492892 | 1212222 | 2936 | 408 | 60241 | 31 | 522 | 10561 |
| 2005 | 15025.47 | 1256527| 3255 | 408 | 671058 | 31 | 57 | 1l440 |
[2006 | 15332.8 | 1313634| 3587 | 405 | 755416 | 309 | 54 | 16084 |
附录 二

全 国 和 各 符 居 民 人 均 消费 水 平 〈 数 据 米 源 1999—2007 年 各 年 (Th HARIPAE25) )
入 殉 消 费 水 77
[15209 |5551 |617 |6802 [7162 |736| [8765 | 9484 | 10564 |
| 内 蒙古 “二 -21 [2279 <| 2425 | 2806_ 3453 [3742 |42332 | 4620 |5800 |
[并 一 3829 [4idg | 4490 |4789 [5095 |5159 |5561 | 6449 |6929 |
[吉林 |3015 |3148 |3381, |365T | 3869 |4557 |5136 |5135 |5710 |
| 上海 人 加 0 0328 [Ni5467 Nasea] | 14295 5866 |18382  18396 | 20944 |
| 江苏 | 3498 T3somy J3862 922 | 可 04 -5 号 4 6159 一 7163 |8302 |
| 浙江 |3784 |3877 ja 66 |4772 |5515 |6451 6844 |9701 | 11161 |
| 安徽。 [2370 [2523 2588 |2739 |2988 |3312 |3707 |3888 |441 |
| 福建。 |3934 o[4066 |4428 |4611 |4900 |5324 |5913 |6793 |7826 |
[江西 973 川 356 |2396 |2500 |2651 |2739 |3353 |3821 | 473 |
[| 河南。 IN&G |1902 |2208 |2385 |2581 |3129 |3681 |4092 |4632 |
| 滑 有 LS 2471 |2594 |2723 | 2845 |3013 |3284 |3739 |4894 |5498 |
[六 西 |2040 |2079 [2147 |2247 |2405 |2567 [2863 [3928 [4330 |
| 海南 |2562 |2729 | 2904 |2961 |3198 |3275 |3620 [4145 [4736 |
|Ek |2224 |2336 | 2466 |2642 |2836 |3217 [3596 [4782 |547 |
| 四川 |2D1 [2191 |2456 |2466 |2621 |2839 [3643 [4130 [4501 |
[ 趴 州 |151 1152 |1608 |1631 |1701 |1770 |1946 |3140 |3499 |
[ 却 南 |2059 |2340 |2530 |2192 |2377 |2495 [2966 |3749 |4075 |
[mm 藏 |1551 |1669 | 1823 |1939 |2313 |2825 |3166 |3019 |2915 |
[区 西 |1852 |1884 |2035 |2150 |2404 |2548 |2893 |3594 |3972 |

18
