流

研

：
科

号

众

公
微

信

交

t
ne
国 o.
中 di
学 ma
数 w.

97542 20.59 6.21 14.38 2.75
98705 18.26 6.34 11.92 2.24
100072 20.21 6.36 13.85 2.63
101654 22.28 6.60 15.68 2.87
103008 20.19 6.90 13.29 2.42
104357 19.90 6.82 13.08 2.35
105851 21.04 6.78 14.26 2.20
107507 22.43 6.86 15.57 2.42
109300 23.33 6.72 16.61 2.59
111026 22.37 6.64 15.73 2.31
112704 21.58 6.54 15.04 2.25
114333 21.06 6.67 14.39 2.17
115823 19.68 6.70 12.98 2.01
117171 18.24 6.64 11.60
118517 18.09 6.64 11.45
119850 17.70 6.49 11.21
121121 17.12 6.57 10.55
122389 16.98 6.56 10.42
123626 16.57 6.51 10.06
124761 15.64 6.50 9.14
125786 14.64 6.46 8.18
126743 14.03 6.45 7.58 1.22*
127627 13.38 6.43 6.95
128453 12.86 6.41 6.45
129227 12.41 6.40 6.01
130000

ww

1979
1980
1981
1982
1983
1984
1985
1986
1987
1988
1989
1990
1991
1992
1993
1994
1995
1996
1997
1998
1999
2000
2001
2002
2003
2004

13

