1287.8

1867.2

398.03

902.33

402.39

589.44

852.31

553.3

19

20

21

22

23

24

25

26

27

3281.2

1084.5

720.33

865.53

8167.2

1146.2

1439.1

2295.1

603.22

28

29

30

31

32

33

34

35

36

451.97

493.26

2613.1

716.58

434.02

733.87

293.18

439.89

265.08

37

38

39

40

41

42

43

44

45

97.272

682.82

323.7

275.43

5205.4

7130.1

6927.5

4434.4

19987

46

47

48

49

50

51

52

53

54

6421.3

3882.4

1222.9

601.26

248.67

353.03

767.26

1202.8

979.36

55

56

57

58

59

60

61

62

63

803.17

777.8

451.19

192.85

820.62

449.04

220.72

593.69

553.56

64

65

66

67

68

69

70

71

72

739.47

251.62

1450.7

547.63

430.43

573.92

340.25

607.72

1462.3

交

72 门课程出版物 2006 年的市场占有率

2

3

4

5

0.25278

0.11006

0.12632

0.10769

0.062632

10

11

12

13

14

0.26667

0.62577

0.46377

0.10677

19

20

21

0.49396

0.52121

28

8

9

0.095128

0.27085

0.029435

0.25114

15

16

17

18

0.068761

0.10103

0.23137

0.5

0.19558

22

23

24

25

26

27

0.33267

0.97164

0.91553

0.79524

0.96408

0.69947

0.97037

29

30

31

32

33

34

35

36

0.00475

0.40256

0.54269

0.07701

0.16279

0.00178

0.504

0.17252

0.34902

37

38

39

40

41

42

43

44

45

0.1

0.125

0.18274

0.12

0.22525

0.35871

0.33847

0.32343

0.43363

46

47

48

49

50

51

52

53

54

0.34434

0.3478

0.44108

0.62

0.08333

0.62857

0.76

0.85259

0.68889

55

56

57

58

59

60

61

62

63

0.41053

0.5625

0.09412

0.96

0.92632

1

0.85

1

65

66

67

68

69

70

71

72

0.27692

1

0.825

0.94118

0.96

0.65455

0.48333

0.84706

8

9

信

64

微

0.99091

众

公

0.13846

表5

6

：
科

1

研

7

号

表4

流

367.51

分社 1 各门课程出版物 2006 年的满意度

1

2

3

4

5

6

7

2.8759

2.8646

1.875

3.03

2.7083

2.9624

2.7511

2.925

2.8663

10

11

12

13

14

15

16

17

18

2.8938

2.9354

2.864

2.9963

2.7885

2.8404

2.8952

2.8899

2.7805

19

20

21

22

23

24

25

26

27

2.922

3.0692

2.9625

2.9184

2.9092

2.8938

2.9386

2.947

2.9333

28

29

30

31

32

33

34

35

36

3.0005

2.8747

2.895

2.9263

2.6875

2.515

2.805

3.0729

2.9767

37

38

39

40

41

42

43

44

45

24

