2.1825

2.8016

2.8527

3.1517

2.9237

2.8985

2.8964

2.9046

2.9002

46

47

48

49

50

51

52

53

54

2.9216

2.8508

2.9413

2.8085

1.6167

2.8423

2.9122

2.8342

2.9635

55

56

57

58

59

60

61

62

63

2.7921

2.9278

1.8583

2.815

2.9111

2.92

2.9896

2.9235

64

65

66

67

68

69

70

71

72

2.9211

2.5583

2.872

2.877

2.8415

2.8871

3.0054

2.7696

2.8381

微

信

公

众

号

：
科

研

交

流

1.5

25

