回 8 昌国
EE
附录

表 1 72 门 课程 2006 年 预测 市 场 占有 量
[1 | 2341s5 656|7 [ 8 [ 9
[182 |206 |24 |28 |24 1154 |266 |16 |246 |
Ca Da 4 6 D 1
lo6 |364 [32 168 08 |84 Jus |20 |20 |
[9 | 20 22 | 23 | 24 | 2s | 26 [ 27 |
[778 |172 [336  [1302 |145 [334  [1334 |2656 |262 |
[2 | 29 [ 30 | a | 32 | 33 | 34 | 35 [ 36 |
5 8 4 6 |7  |2 122 4
46 | 0 | 4 9 | s0 5 | ssE33 54 |
| 208 |1524 | 1372 1 |2  [418 Ju2 [248 |
| 5 | 5 | s7 | os | AR ee | e |
1 7 6 4 |D6MSSSN ID |
|64 | 6s | 66 | & | e8 | 人

表 2 72 门 课程 出 版 物 的 强势 有，
[1 23 45 [ 6 [ 7 [ 8 [ 9 |
| 025816 | 0.16538 | 0.14194 | 0.16654 | 0.12699 | 0.15803 [0.26715 | 0.11217 | 0.25771 |
| | 20 | 2 | 23 [ 24 | 25 | 26 27 |
[2 | 29 | 30 "a | 32 | 3 | 34 | 35 | 36 |
| 0.099097 | 0.36016 | 0.46587 | 0.15832 | 0.19209 | 0.081243 | 0.42021 | 0.21021 | 0.32386 |
[2 La | 4234 4 |
46 人 和 5
loss  s6 | 57 [ s8 |  [ e [ 6 | 6 | 6 |
| 013785_| 0.35655 | 045981 | 0.12037 | 0.71401 | 0.69699 | 0.74408 | 0.64979 | 0.7452 |
|64 | es | 6 | & | &8 | 6 | 70 | 7 | 7 |
| 07399 [0.26169 | 0.74471 | 0.62943 | 0.70422 | 0.71836 | 0.52185 | 0.40288 | 0.6427 |

表 3 72 门 课程 2006 年 单位 书号 销售 量
[| 2|34|s5 | 6567 | 8 [ 9 |
| 26945 | 356.03 | 26123 | 212.09 | 144.81 | 248.61 | 465.75 | 70.983 | 373.23 |
[LU Da | u[15 [ 6 | 17 [ 18 |

23
