677.63

2312

2312.036112

1.56E-05

0.03611247

2053.83

678.54

2315.83

2315.83827

3.57E-06

0.008270146

2103.83

690.53

2365.83

2365.859676

1.25E-05

0.029676423

2105.06

690.82

2367.06

2367.06771

3.26E-06

0.00771047

2155.06

702.85

2417.06

2417.097072

1.53E-05

0.037072425

2205.06

714.91

2467.06

2467.073646

5.53E-06

0.013646104

2255.06

727.03

2517.06

2517.097986

1.51E-05

0.037985932

2305.06

739.19

2567.06

2567.062771

1.08E-06

0.00277133

2355.06

751.42

2617.06

2617.065292

2.02E-06

0.005291636

2404.98

763.70

2666.98

2666.996508

6.19E-06

0.016508176

2406.83

764.16

2668.83

2668.861211

1.17E-05

0.031210545

2456.83

776.53

2718.83

2718.842791

4.7E-06

0.012791034

2506.83

788.99

2768.83

2768.853459

8.47E-06

0.023459184

2556.83

801.54

2818.83

2818.85944

1.04E-05

0.02944039

2606.83

814.19

2868.83

2868.864524

1.2E-05

0.034523511

2656.83

826.95

2918.83

2918.869151

1.34E-05

0.039151253

2706.83

839.83

2968.83

2968.870002

0.040002382

2756.83

852.84

3018.83

3018.859526

9.78E-06

0.029525805

2806.83

866.00

3068.83

研

1.35E-05

3068.863191

1.08E-05

0.033190507

2856.83

879.32

3118.83

3118.861918

1.02E-05

0.03191776

2906.83

892.82

3168.83

3168.867175

1.17E-05

0.037174962

2906.91

892.84

3168.91

3168.940736

9.7E-06

0.030736466

2956.91

906.53

3218.91

3218.917404

2.3E-06

0.00740361

3006.91

920.45

3268.91

3268.931153

6.47E-06

0.021152907

3056.91

934.61

3318.91

3318.924584

4.39E-06

0.014584094

3106.91

949.05

3368.91

3368.931512

6.39E-06

0.021512365

3156.91

963.80

3418.91

3418.929731

5.77E-06

0.019731105

3206.91

978.91

3468.91

3468.939053

8.38E-06

0.029053039

交

：
科

号

994.43

3518.91

3518.944238

9.73E-06

0.034237755

3306.91

1010.43

3568.91

3568.949049

1.09E-05

0.039049461

3356.91

1026.99

3618.91

3618.925679

4.33E-06

0.015678546

3406.91

1044.25

3668.91

3668.934349

6.64E-06

0.024349074

3456.91

1062.37

3718.91

3718.948593

1.04E-05

0.038593159

3506.91

1081.59

3768.91

3768.941057

8.24E-06

0.031056652

3556.91

1102.33

3818.91

3818.950213

1.05E-05

0.040213436

3606.91

1125.32

3868.91

3868.931781

5.63E-06

0.021781455

3656.91

1152.36

3918.91

3918.93835

7.23E-06

0.028350034

3706.91

1193.49

3968.91

3968.94279

8.26E-06

0.032790218

微

公

3256.91

信

众

流

2050

25

