回味
1  1T)
ES
3
回 如 二
行 业 1991 1992 1993 1994 1995 1996 1997 1998 1999
1000  1000  1000  1000  1000  1000  1000  1000  1000
0.7 0.7 0.7 0.7 0.6 0.6 0.8 0.8 0.8
1.1 1.1 1.2 1.3 1.4 1.4 1.3 1.2 1.2
19.5 18.4 18.7 18.0 17.0 17.1 16.5 16.4 16.5
17.5 16.3 16.1 14.8 13.2 12.9 11.7 11.5 11.3
全
2.0 2.1 2.6 3.2 3.8 4.2 9 S.2
全 Q
28.9 29.9 27.3 27.1 27.5 27.2 E2N 26.1 25.6
3/ 一
17.8 17.5 18.2 18.5 19.4 - 18.6 17.9
S.1 5.7 5.7 5.8 5, 5.6 5.5 58 5.7
6.2 6.6 7.9 8.0 8. 8.4 9.5 10.5 10.7
a
3.0 2.9 2.9 人 7 2.8 2.7 2.7 2.7
6.3 6.0 6.3 ee】 6.5 6.3 6.6 6.8 72 7.8
MA
1.3 4 - 1.4 1.5 1.6 1.9 1.9 2.1
一 -7 8.9 8.7 8.6 8.0 7.9 7.7 7.8 8.1
) | 1.0 1.1 1.1 1.0 1.0 1.0 1.0 1.0
Wi 18-5 国际 旅游 外 汇 收 入 及 构成
单位 : 百 万
14099 100.0 16224 100.0
4165 29.6 4880 30.1
3140 22.3 3502 21.6
445 32 596 3.7
382 2.7 596 3.7
21
