贝格算法计算得到油位高度间隔为 1cm 的罐容表标定值，列表如下：
表 1 小椭圆型储油罐罐容表

微

信

公

众

号

：
科

研

交

流

油高(mm) 储油罐油量(L) 油高(mm) 储油罐油量(L) 油高(mm) 储油罐油量(L)
0
0~1.674387
400
965.660776
800
2661.422634
10
3.531122
410
1004.953782
810
2703.552425
20
6.263648
420
1044.583921
820
2745.491028
30
9.976866
430
1084.534871
830
2787.224773
40
14.758956
440
1124.790717
840
2828.739779
50
20.694101
450
1165.335924
850
2870.021937
60
27.858068
460
1206.155298
860
2911.056886
70
36.320883
470
1247.233966
870
2951.829995
80
46.147722
480
1288.557344
880
2992.326337
90
57.399578
490
1330.111117
890
3032.530662
100
70.133778
500
1371.881217
900
3072.42737
110
84.404394
510
1413.8538
910
3112.000481
120
100.262581
520
1456.01523
920
3151.233596
130
117.756843
530
1498.352059
930
3190.109866
140
136.933273
540
1540.851013
940
3228.611946
150
157.818421
550
1583.498973
950
3266.721951
160
180.259099
560
1626.282961
960
3304.421402
170
203.999405
570
1669.190128
970
3341.691168
180
228.906603
580
1712.20774
980
3378.511401
190
254.884875
590
1755.32316
990
3414.861462
200
281.857661
600
1798.523842
1000
3450.719834
210
309.760769
610
1841.797318
1010
3486.06402
220
338.538729
620
1885.131182
1020
3520.870436
230
368.142595
630
1928.513081
1030
3555.114269
240
398.5285
640
1971.930708
1040
3588.76932
250
429.656656
650
2015.371783
1050
3621.80782
260
461.49062
660
2058.824048
1060
3654.20019
270
493.996746
670
2102.275257
1070
3685.91477
280
527.143753
680
2145.713159
1080
3716.917462
290
560.902397
690
2189.125495
1090
3747.171291
300
595.245191
700
2232.499981
1100
3776.635821
310
630.146191
710
2275.824302
1110
3805.266392
320
665.580805
720
2319.086097
1120
3833.013049
330
701.525646
730
2362.272952
1130
3859.819002
340
737.958395
740
2405.372383
1140
3885.618241
350
774.857693
750
2448.371831
1150
3910.33151
360
812.203042
760
2491.258644
1160
3933.85845
370
849.974723
770
2534.020068
1170
3956.05568
380
888.153723
780
2576.643232
1180
3973.212325
390
926.721671
790
2619.115135
1190
3992.388755
1200
4009.883017

为分析模型的准确性，将模型求得的数据与表中所给数据在同一坐标中作出
V-h 曲线图如下：
-8-

