表 3.13 学费及影响因素总表

南开大学经济学
复旦大学哲学
厦门大学工学
上海交通大学管
理学
四川大学医学
西安交通大学管理
学
西北工业大学理学

山东大学农学

中国科技大学文学
北京大学文学
北京航空航天大学
法学
中国农业大学农学
哈尔滨工业大学管

微

东南大学 工学
华中科技大学理
学
华东师范大学经
济学
北京师范大学教育
学

0.9942 0.27387 0.008 4920 0.695652174

0.4209 0.202388

0.158534

0.9769 0.72032

0.1703
0.4352
0.1385
0.4061
0.1387
0.2663
0.6267
0.6638
0.1607
0.6189
0.8818

0.158534
0.220416

0.9769
0.9942
1
0.9769
0.6879
0.4624
0.9913
0.5
0.9538
0.0896
0.5

0.054683
0.124136
0.099623
0.200817
0
0.200503
0.460402
0.200189
0.169705
0.04714
0.628221

0.0779

5000 0.724637681

3800 0.289855072

0.42291 0.0779 4950 0.706521739
0.57277 0.378 5760
1
0.34128 0.0314 5000 0.724637681
0.53768 0.0691 4500 0.543478261
0.19042 0.1354 4600 0.579710145
0.208 0.1128 3800 0.289855072
0.61973 0.308 4800 0.652173913
0.40476 0.1934 4600 0.579710145
0.072 3300 0.108695652
0.35119
0.81454 0.0791 4800 0.652173913
0.85819
1 5000 0.724637681

0.196015
0.196015

0.290045
0.290045
0.49371
0.49371
0.49371
0.49371
0.638129

0.3641 0.135764

0.638129

0.5 0.58312

0.2308 0.173476
0.1129 0.02797

0.516303

0.6074

0.638129

0.2543 0.6603
1 0.30192

0.3956 0.324953

0.290045

0.9335 0.47496

0.1015

0.2512 0.099623
0.2478 0.017913

0.49371
0.290045

0.9191 0.51629
0.9682 0.39048

0.1934

0.3695 0.233187

0.196015

0.9422 0.55294

0.0691

4200 0.434782609

0.1598 0.059711

0.516303

0.8988 0.60026

0.6074

4400 0.507246377

0.4453 0.039912

0.638129

1 0.50226

信

同济大学文学

理学

0.113422

：
科

吉林大学历史学
南京大学经济学

0.2943 0.138278

0.6074

数学中国
www.madio.net

东北大学教育学
浙江大学工学

0.9711 0.77514

0.516303

号

武汉大学 医学

0.516303

0.5887

众

中南大学文学

0.33061

0.638129
0.638129
0.340443
0.340443

公

中山大学医学

0.49371

0.87639
0.58487
0.52219
0.59958
0.8127
0.52161

1
0.058768
0.094909
0.037084
0.283784
0.048083

流

天津大学哲学

1
1
0.2457
0.448
0.4884
0.7861

1
0.4916
0.3567
0.4457
0.6816
0.2934

生均
教育 学费 学费数字化
成本
1 5000 0.724637681
1 5000 0.724637681
0.4335 4200 0.434782609
0.4335 4200 0.434782609
0.6074 5000 0.724637681
0.1439 5460 0.891304348

交

中国人民大学法学

学生需
求预期
收益

国家投入 教育经济
经费
水平

研

清华大学工学

专业差
别

办学水
平

30

1 5000 0.724637681
5000 0.724637681
1 3000
0
4000 0.362318841

4600 0.579710145
0.1354 5200 0.797101449

1 4800 0.652173913

