九、 附录

中国人民大学
厦门大学
北京大学
四川大学
北京航空航天大
学
复旦大学

1
9
19
2
20
17
3
11
26
5
11
31
4
29
28
7
12
22
14
6
18
16
25
24
21
13
27
10
8
30

学术资源
得分
100
71.1
58.6
95.2
49.4
46.5

91.7
81.2
81.5
91.5
82
69.6
89.9
69.3
70
89
81.9
74.3
82.5
89.6
69.4
78.5
74.6
69.9
75.1
78.9
71.8
84.4
81.8
65

83.6
58
33
61.9
51.5
42
78.6
45.6
31.4
63.8
38.1
51
55.1
83.8
55.1
59.7
41.8
32
48.3
53.6
55
56.7
63.3
46.8

学术成果
得分
100
41.5
31.4
90
31.7
43.1

学生综合
素质得分
100
85.8
83.9
89.3
76.8
86.5

教师资
源得分
100
49.6
51
97.6
46.2
57.2

硬件资
源得分
100
80.8
49.6
87.7
77.5
64.8

84.8
78.8
77.2
74.7
85.5
68.7
89.3
71.8
77.2
80.6
80.1
81.4
84.1
96.2
75.3
82.6
67.4
79.1
74.6
79.5
70.5
85.4
82.7
77.2

74.5
51.9
50.2
65
54.1
59.9
80.8
49.5
46.6
67.8
58.4
49.6
56.1
61.3
49.3
48.7
50
51.6
49.3
57
41.1
58
60.6
42.7

79.1
79.6
68.7
90
62.6
55.2
66.5
58.6
66.8
72.8
63.7
59
67.8
51.3
47.6
67.3
54.4
69.7
75.8
51
60.6
62
51.9
64.5

流

清华大学

声誉
得分
100
82.2
78
100
75.8
77.6

研

排名

交

表 3.1 学校办学水平

67.8
49
25
90
53.4
17
70.2
24.1
32.7
85.4
63.9
26.6
40.1
78
54.2
43.3
35.1
35.8
25.1
56
25.6
48.8
60.4
22.2

西安交通大学
中国农业大学
南京大学

中南大学

西北工业大学

上海交通大学
东南大学
武汉大学

公

哈尔滨工业大学

信

中国科技大学
大连理工大学

微

华中科技大学
山东大学

北京理工大学
吉林大学

天津大学
华东师范大学
南开大学
北京师范大学
东北大学

号

浙江大学

众

同济大学

：
科

数学中国
www.madio.net

中山大学

20

