行 业
总

1991

1992

1993

1994

1995

1996

1997

1998

1999

计

100.0

100.0

100.0

100.0

100.0

100.0

100.0

100.0

100.0

农、林、牧、渔服务业

0.7

0.7

0.7

0.7

0.6

0.6

0.8

0.8

0.8

地质勘查业水利管理业

1.1

1.1

1.2

1.3

1.4

1.4

1.3

1.2

1.2

通信业

19.5

18.4

18.7

18.0

17.0

17.1

16.5

16.4

16.5

交通运输和仓储业

17.5

16.3

16.1

14.8

13.2

12.9

11.7

11.5

11.3

邮电通信业

2.0

2.1

2.6

3.2

3.8

4.2

4.8

4.9

5.2

批发和零售贸易餐饮业

28.9

29.9

27.3

27.1

27.5

27.2

26.7

26.1

25.6

金融、保险业

17.8

17.5

18.2

18.5

19.4

19.7

19.7

18.6

17.9

房地产业

5.1

5.7

5.7

5.8

5.9

5.6

5.5

5.8

5.7

社会服务业

6.2

6.6

7.9

8.0

8.6

8.4

9.5

10.5

10.7

卫生体育和社会福利业

3.0

2.9

6.3

6.0

交

2.7

2.8

2.7

2.7

2.7

6.3

6.5

6.3

6.6

6.8

7.2

7.8

1.4

1.3

1.4

1.5

1.6

1.9

1.9

2.1

9.2

众

8.9

8.7

8.6

8.0

7.9

7.7

7.8

8.1

0.9

1.0

1.1

1.1

1.0

1.0

1.0

1.0

1.0

务业

1.3

公
信

号

科学研究和综合技术服

其他行业

研

2.9

电影电视业

社会团体

：
科
2.9

教育、文化艺术及广播

国家机关、政党机关和

流

交通运输、仓储及邮电

微

18-5 国际旅游外汇收入及构成

单位: 百万美元
指

标

1999
数

额

2000
比

重

数

额

比

重

总计

14099

100.0

16224

100.0

长途交通

4165

29.6

4880

30.1

民航

3140

22.3

3502

21.6

铁路

445

3.2

596

3.7

汽车

382

2.7

596

3.7

21

