测 量 时 CD 4 含量
刻（周） 统计值（均值）

预测值

统计值（均值）

预测值

0
4
8
12
16
20
24
28
32
36
40
44
48
52
56

94.3286
120.1783
127.7207
134.3853
140.1681
146.8827
153.1014
160.4385
167.3730
174.3074
181.2419

94.3286
122.2359
127.7990
133.6153
139.6964
146.0542
152.7013
159.6510
166.9169
174.5135
182.4559
190.7598
199.4415
208.5184
218.0084

4.9281
3.2267
3.2385
3.2980
3.3574
3.4074
3.4730
3.5204
3.6153

4.9281
3.2160
3.2563
3.2971
3.3384
3.3802
3.4225
3.4654
3.5088
3.5527
3.5972
3.6422
3.6878
3.7340
3.7808

后验差

0.0354

HIV 含量
3.3307

研

交

流

3.5679

比C

：
科

0.0950

第四类患者

微

众

79.0065
143.5582
171.6961
181.2956
188.7450
196.1943
203.8284
212.4093
220.8430
229.2823
237.7216

公

信

0
4
8
12
16
20
24
28
32
36
40
44
48
52
56

HIV 含量

号

测 量 时 CD 4 含量
刻（周） 统计值（均值）

后验差

预测值

统计值（均值）

预测值

79.0065
160.2091
167.7205
175.5841
183.8164
192.4347
201.4570
210.9023
220.7905
231.1423
241.9795
253.3247
265.2019
277.6359
290.6529

5.1669
3.3754
2.9228
2.7949
2.5674
2.4584
2.3855
2.3193
2.2537
2.1881

5.1669
3.1499
3.0111
2.8785
2.7517
2.6305
2.5146
2.4038
2.2979
2.1967
2.0999
2.0074
1.9190
1.8344
1.7536

0.1391

0.1115

比C

6

2.6812

