第一类患者
HIV 含量
预测值

统计值（均值）

预测值

0
4
8
12
16
20
24
28
32
36
40
44
48
52
56

105.6554
106.5622
127.4546
119.1273
109.3998
99.6722
89.1047
73.8480
58.9738
44.0996
29.2254

105.6554
133.4042
119.8764
107.7203
96.7969
86.9812
78.1609
70.2350
63.1128
56.7129
50.9619
45.7941
41.1504
36.9775
33.2278

4.8257
3.2550
3.2738
3.3087
3.3548
3.4009
3.4483
3.4463
3.4458
3.4454
3.4450

4.8257
3.2772
3.3002
3.3233
3.3465
3.3700
3.3935
3.4173
3.4412
3.4653
3.4895
3.5140
3.5386
3.5633
3.5883

后验差

0.4434

研

交

流

测 量 时 CD4 含量
刻（周） 统计值（均值）

比C

：
科

0.0667

第二类患者

微

众

94.3286
120.1783
127.7207
134.3853
140.1681
146.8827
153.1014
160.4385
167.3730
174.3074
181.2419

公

信

0
4
8
12
16
20
24
28
32
36
40
44
48
52
56

HIV 含量

号

测 量 时 CD 4 含量
刻（周） 统计值（均值）

后验差
比C

预测值

统计值（均值）

预测值

94.3286
122.2359
127.7990
133.6153
139.6964
146.0542
152.7013
159.6510
166.9169
174.5135
182.4559
190.7598
199.4415
208.5184
218.0084

4.9281
3.2267
3.2385
3.2980
3.3574
3.4074
3.4730
3.5204
3.6153

4.9281
3.2160
3.2563
3.2971
3.3384
3.3802
3.4225
3.4654
3.5088
3.5527
3.5972
3.6422
3.6878
3.7340
3.7808

0.0354

0.0950
第三类患者
5

3.3307

3.5679

