1 计算机

2 经管

3数学

80

44

154

75

42

152

70

40

150

65

38

148

1

2

3

4

5

36

6

1

2

4 英语

3

4

5

146

6

42

90

48

41

85

46

40

80

44

39

2

3

4

5

42

6

1

2

7 化学

3

4

5

4

5

20

6

2

3

4

5

6

4

5

6

交
1

2

3

4

5

6

：
科

3

6

24

22

2

5

26

24

1

1

28

研

20

4

9环境

28
26

15

38

6

8 地质

25

3
6机械

50

1

2

5 两课

95

75

1

流

60

22
20

1

2

3

图 3-各年 9 个学科分得的书号总数的变化规律

众

号

如图 3 中所示，各个学科分配得到的书号数大致呈现出一种波动，整体上来说具有
一定的规律。例如，3 数学类、4 英语类、5 两课类、6 机械类、7 化学类和 8 地理、地
质类呈现出周期变化的规律；1 计算机类呈现出一种稳步上升的规律；2 经管类和 9 环
境类则在经历了一段时间的波动后，呈现出一种平稳的趋势。

公

利用传统算法对模型一求解得到的目标函数值为：预测 06 年的出版社的总毛利润为
23,320,591 元。

微

信

遗传算法结果：
遗传算法给出的各个课程的书号数分配如表 19 所示。
表 19-利用遗传算法得到的 2006 年各课程分得的书号数
课程

1

2

3

4

5

6

7

8

9

10

11

12

书号数

10

9

3

5

5

8

12

4

12

4

4

2

课程

13

14

15

16

17

18

19

20

21

22

23

24

书号数

2

3

6

3

3

4

5

2

6

38

36

6

课程

25

26

27

28

29

30

31

32

33

34

35

36

书号数

12

27

7

4

24

8

20

2

2

13

4

8

课程

37

38

39

40

41

42

43

44

45

46

47

48

书号数

3

4

6

3

2

6

8

10

6

4

8

11

课程

49

50

51

52

53

54

55

56

57

58

59

60

书号数

10

4

5

8

2

4

2

2

4

2

2

5

课程

61

62

63

64

65

66

67

68

69

70

71

72

- 17 -

